Chr	SNP	bp	p
1	rs12037376	22462111	5.11808e-27
1	rs484686	172152202	1.86753e-09
1	rs10917119	22348409	1.02593e-20
1	rs79050195	22349386	8.30443e-21
1	rs3768579	22353136	1.09393e-20
1	rs41307810	22354045	2.28153e-09
1	rs80173514	22354538	5.97666e-21
1	rs10917123	22355978	5.12825e-11
1	rs3820687	22357229	2.70763e-11
1	rs2473290	22358457	2.42178e-12
1	rs61778045	22358595	2.318e-21
1	rs61778046	22358789	3.92928e-21
1	rs12027753	22358836	6.99245e-22
1	rs72665313	22359839	2.38975e-22
1	rs111992780	22361229	1.19336e-21
1	rs12405695	22365689	6.99245e-22
1	rs10917128	22366102	2.2232e-22
1	rs72665317	22367073	1.50211e-22
1	rs10917130	22371065	3.18366e-22
1	rs725158	22378280	2.51928e-22
1	rs3754496	22378880	3.3207e-22
1	rs17837951	22388872	2.35091e-22
1	rs56319427	22396998	8.88001e-23
1	rs2501256	22397199	4.7031e-08
1	rs12038474	22403357	2.68761e-23
1	rs2268179	22414785	7.19888e-23
1	rs2268177	22415410	9.52256e-23
1	rs10917151	22422721	3.07992e-25
1	rs7412010	22436446	1.11517e-25
1	rs4654783	22439520	1.60448e-08
1	rs10737462	22444975	5.52825e-14
1	rs3765350	22447316	7.79801e-14
1	rs2235529	22450487	1.17003e-26
1	rs12404660	22458794	5.23646e-19
1	rs10799737	22462131	1.50479e-08
1	rs61768001	22465820	5.92616e-27
1	rs3820282	22468215	7.38117e-27
1	rs56318008	22470407	1.56572e-25
1	rs55938609	22470451	1.67885e-25
1	rs7519889	22472506	2.36958e-15
1	rs12042083	22472732	2.36958e-15
1	rs7515106	22473410	8.67203e-15
1	rs7517829	22480159	8.76392e-10
1	rs10917162	22480219	8.64068e-15
1	rs10917163	22480241	5.60646e-15
1	rs4623666	22480312	8.89849e-13
1	rs12410251	22482629	2.54837e-18
1	rs3971300	22484575	2.87306e-17
1	rs2807365	22485467	1.78378e-12
1	rs12093861	22485677	1.01358e-10
1	rs16826658	22485871	1.28861e-11
1	rs56104760	22486029	3.08887e-20
1	rs72478520	22489567	4.13839e-20
1	rs7521902	22490724	1.07243e-17
1	rs4654785	22491843	2.17344e-17
1	rs3920498	22492887	8.36295e-19
1	rs733190	172095226	1.95348e-08
1	rs733189	172095365	1.95348e-08
1	rs733191	172095441	1.95348e-08
1	rs2421985	172099136	4.22843e-09
1	rs2819530	172112954	2.60098e-08
1	rs495590	172122809	6.70123e-09
1	rs655853	172135653	4.46242e-09
1	rs672740	172137119	3.42295e-09
1	rs532688	172149948	3.40627e-09
1	rs633592	172153163	3.06781e-09
1	rs630656	172159095	4.96878e-09
1	rs687041	172169028	8.02858e-09
1	rs508742	172175115	6.84667e-09
1	rs681398	172175811	8.02858e-09
1	rs589209	172176973	9.91697e-09
1	rs10911299	172183719	1.91545e-08
1	rs6689455	172185029	2.23282e-08
