chromosome	base_pair_location	effect_allele	other_allele	effect_allele_frequency	beta	standard_error	p_value  470866
9	22124744	C	G	0.5100	0.0627	0.0113	2.878E-08  470866
7	25865361	A	G	0.7409	0.0728	0.0125	5.746E-09  470866
1	22486029	A	G	0.7806	-0.1281	0.0139	3.089E-20  470866
2	11737229	T	C	0.2810	-0.0820	0.0130	2.832E-10  470866
2	113541807	T	C	0.3214	0.0700	0.0121	7.246E-09  470866
7	25860650	A	G	0.2139	-0.0744	0.0136	4.485E-08  470866
6	151845578	T	C	0.6429	-0.0741	0.0119	4.758E-10  470866
6	19746848	T	C	0.7949	-0.0772	0.0138	2.216E-08  470866
6	152585213	A	G	0.0802	-0.1621	0.0214	3.598E-14  470866
11	30242287	T	C	0.8422	0.1494	0.0159	5.656E-21  470866
6	151841594	A	G	0.8019	-0.1197	0.0142	3.469E-17  470866
6	151806102	A	G	0.6715	-0.0826	0.0120	5.847E-12  470866
2	11668593	T	C	0.5949	0.0638	0.0114	2.187E-08  470866
10	90174202	A	C	0.4217	0.0663	0.0112	3.226E-09  470866
4	56002665	T	C	0.7246	0.0939	0.0126	9.167E-14  470866
6	152610972	A	G	0.7861	-0.1146	0.0141	4.377E-16  470866
6	19785588	T	C	0.5298	0.0639	0.0112	1.161E-08  470866
6	152598464	A	G	0.1019	-0.1259	0.0192	5.479E-11  470866
6	152554396	T	C	0.1930	0.1138	0.0142	1.11E-15  470866
6	152012956	A	G	0.5758	-0.0646	0.0114	1.456E-08  470866
4	55997622	T	C	0.2716	-0.0928	0.0128	4.168E-13  470866
7	25865220	T	C	0.2590	-0.0732	0.0125	4.741E-09  470866
2	11736037	A	G	0.5187	0.0866	0.0112	1.058E-14  470866
6	152458990	A	G	0.0376	-0.1733	0.0315	3.764E-08  470866
6	19800988	A	G	0.3958	0.0744	0.0114	6.741E-11  470866
6	19812579	C	G	0.3233	0.0730	0.0121	1.609E-09  470866
11	30309827	T	C	0.1489	-0.1419	0.0162	1.965E-18  470866
6	19742926	A	C	0.1300	0.0921	0.0168	4.202E-08  470866
6	19732380	T	C	0.8699	-0.0918	0.0168	4.648E-08  470866
10	90216485	T	C	0.3810	0.0641	0.0114	1.879E-08  470866
15	40364928	T	C	0.4558	0.0665	0.0113	3.982E-09  470866
1	22484575	T	C	0.6975	-0.1048	0.0124	2.873E-17  470866
9	22157908	A	C	0.6544	-0.0832	0.0117	1.151E-12  470866
11	30376902	A	C	0.8342	0.1304	0.0154	2.506E-17  470866
6	19731834	A	G	0.7944	-0.0778	0.0137	1.356E-08  470866
15	40352342	T	C	0.4707	0.0663	0.0113	4.431E-09  470866
2	11656908	A	G	0.8546	-0.1073	0.0160	1.997E-11  470866
6	151838245	T	C	0.8025	-0.1194	0.0141	2.495E-17  470866
4	55998136	A	G	0.2482	-0.0918	0.0132	3.537E-12  470866
10	90168189	T	G	0.3930	0.0665	0.0114	5.433E-09  470866
2	11731774	T	G	0.5171	0.0860	0.0112	1.609E-14  470866
1	22358836	T	C	0.1986	0.1394	0.0145	6.992E-22  470866
1	22462131	T	G	0.3585	0.0668	0.0118	1.505E-08  470866
6	151723490	A	G	0.2528	0.0725	0.0130	2.448E-08  470866
6	19733894	T	C	0.7946	-0.0774	0.0137	1.608E-08  470866
4	56003117	T	C	0.2521	-0.0923	0.0131	1.844E-12  470866
8	75263152	A	C	0.4182	-0.0750	0.0114	4.738E-11  470866
6	152040125	A	G	0.7431	-0.0780	0.0128	1.103E-09  470866
2	11725049	T	C	0.5173	0.0872	0.0111	3.971E-15  470866
8	75332823	A	G	0.3103	-0.0798	0.0121	4.251E-11  470866
10	90183102	T	C	0.5702	-0.0662	0.0112	3.406E-09  470866
8	75292764	C	G	0.4257	-0.0754	0.0113	2.514E-11  470866
7	25861639	A	G	0.2652	-0.0743	0.0126	3.706E-09  470866
12	95711876	A	C	0.6949	-0.0678	0.0121	2.103E-08  470866
4	56001509	T	C	0.7246	0.0936	0.0126	1.098E-13  470866
10	90211230	A	G	0.3814	0.0640	0.0114	1.977E-08  470866
6	151744283	A	G	0.4134	0.0711	0.0114	4.465E-10  470866
6	19762352	A	G	0.4693	-0.0623	0.0113	3.522E-08  470866
7	25867692	C	G	0.2662	-0.0749	0.0126	2.774E-09  470866
8	75307831	A	G	0.4833	-0.0623	0.0111	1.993E-08  470866
7	23586177	T	G	0.1405	-0.0897	0.0162	3.076E-08  470866
6	151701041	T	C	0.2524	0.0721	0.0132	4.705E-08  470866
6	19780584	C	G	0.4706	-0.0632	0.0112	1.673E-08  470866
8	75305962	A	G	0.6000	0.0756	0.0115	4.901E-11  470866
7	25865655	A	G	0.2591	-0.0728	0.0125	5.746E-09  470866
2	11686192	A	C	0.3778	-0.0660	0.0117	1.69E-08  470866
10	90167065	A	C	0.4217	0.0663	0.0112	3.226E-09  470866
9	22152643	T	G	0.4578	-0.0643	0.0115	2.254E-08  470866
6	19804796	A	G	0.5629	-0.0726	0.0114	1.91E-10  470866
6	152568722	A	G	0.5360	0.0676	0.0113	2.2E-09  470866
2	11746177	T	C	0.4427	0.0681	0.0112	1.199E-09  470866
9	22170983	A	C	0.3292	0.0850	0.0118	5.873E-13  470866
11	30325865	A	G	0.1490	-0.1416	0.0162	2.316E-18  470866
1	22472732	A	G	0.2370	0.1093	0.0138	2.37E-15  470866
6	19745853	A	C	0.8699	-0.0928	0.0168	3.317E-08  470866
4	56009245	T	C	0.7090	0.0872	0.0124	2.032E-12  470866
6	19771998	A	C	0.5599	-0.0728	0.0113	1.175E-10  470866
6	151728714	T	C	0.6537	-0.0677	0.0118	9.62E-09  470866
2	11747960	T	C	0.5006	-0.0719	0.0112	1.366E-10  470866
6	151819834	A	G	0.8806	-0.1471	0.0197	8.204E-14  470866
6	19803768	T	C	0.3870	0.0739	0.0115	1.309E-10  470866
1	22358789	T	G	0.1999	0.1368	0.0145	3.929E-21  470866
10	90172212	T	G	0.6068	-0.0665	0.0114	5.433E-09  470866
6	152681049	A	T	0.8475	-0.0884	0.0159	2.702E-08  470866
4	56011889	T	C	0.3243	-0.0811	0.0120	1.396E-11  470866
6	151789355	T	G	0.5916	-0.0710	0.0114	4.722E-10  470866
2	113540205	T	G	0.6782	-0.0698	0.0121	7.994E-09  470866
6	19757028	T	C	0.5612	-0.0693	0.0113	8.638E-10  470866
7	25886478	T	G	0.7314	0.0758	0.0126	1.789E-09  470866
9	22150261	T	C	0.6525	-0.0791	0.0117	1.373E-11  470866
6	19803831	C	G	0.6022	-0.0738	0.0114	9.564E-11  470866
11	30240178	A	C	0.1487	-0.1452	0.0163	5.197E-19  470866
8	75295110	C	G	0.4791	-0.0633	0.0111	1.179E-08  470866
6	152034062	A	G	0.2555	0.0786	0.0128	8.22E-10  470866
8	75271627	T	C	0.4855	-0.0618	0.0111	2.583E-08  470866
6	19771507	A	G	0.5689	-0.0676	0.0113	2.2E-09  470866
6	151727517	A	G	0.2527	0.0714	0.0130	3.967E-08  470866
10	90190619	T	C	0.3862	0.0681	0.0114	2.32E-09  470866
10	90204887	T	C	0.3817	0.0642	0.0114	1.786E-08  470866
6	19734011	T	C	0.7945	-0.0773	0.0137	1.678E-08  470866
1	172169028	A	G	0.5223	-0.0646	0.0112	8.029E-09  470866
6	19790387	T	C	0.4422	0.0725	0.0112	9.594E-11  470866
2	11660955	C	G	0.1582	0.1117	0.0160	2.926E-12  470866
6	151816011	T	C	0.7888	-0.1175	0.0137	9.768E-18  470866
2	11724580	T	G	0.3470	-0.1003	0.0118	1.896E-17  470866
10	90182963	A	G	0.5782	-0.0656	0.0112	4.709E-09  470866
10	90167311	C	G	0.3863	0.0688	0.0114	1.589E-09  470866
2	113529183	T	C	0.6780	-0.0700	0.0121	7.246E-09  470866
6	152549309	T	C	0.1943	0.1192	0.0141	2.817E-17  470866
1	172095226	T	C	0.5177	-0.0629	0.0112	1.953E-08  470866
2	11727988	C	G	0.4824	-0.0865	0.0111	6.554E-15  470866
6	152034624	A	G	0.2556	0.0782	0.0128	1E-09  470866
2	11654874	T	C	0.1452	0.1062	0.0160	3.19E-11  470866
10	135217981	A	G	0.0537	0.2061	0.0363	1.365E-08  470866
7	25867098	C	G	0.2596	-0.0735	0.0125	4.103E-09  470866
1	22480312	A	G	0.5841	-0.0829	0.0116	8.898E-13  470866
6	152044884	A	G	0.7450	-0.0788	0.0128	7.449E-10  470866
4	56000009	A	T	0.7242	0.0931	0.0126	1.481E-13  470866
2	11654532	T	C	0.1451	0.1069	0.0161	3.142E-11  470866
6	152435754	T	C	0.0368	-0.1790	0.0316	1.474E-08  470866
6	151721252	A	G	0.7471	-0.0726	0.0131	2.991E-08  470866
2	11728381	T	C	0.5222	0.0874	0.0112	6.018E-15  470866
11	30336002	A	G	0.1581	-0.1473	0.0158	1.133E-20  470866
6	19708481	A	G	0.4859	0.0618	0.0112	3.432E-08  470866
6	152545171	A	T	0.7525	-0.0915	0.0131	2.854E-12  470866
10	21849769	A	G	0.3058	0.0672	0.0123	4.671E-08  470866
9	22153265	T	C	0.6788	-0.0761	0.0120	2.273E-10  470866
2	113552678	A	T	0.3218	0.0766	0.0121	2.442E-10  470866
8	75326619	A	G	0.4013	-0.0817	0.0120	9.874E-12  470866
12	95690996	A	G	0.3038	0.0671	0.0120	2.249E-08  470866
2	11744573	A	G	0.4530	0.0708	0.0112	2.592E-10  470866
7	25863631	A	T	0.2652	-0.0741	0.0126	4.079E-09  470866
2	113555296	T	G	0.3214	0.0766	0.0121	2.442E-10  470866
10	21821918	A	T	0.6579	-0.0667	0.0120	2.724E-08  470866
1	172095441	A	C	0.5180	-0.0629	0.0112	1.953E-08  470866
15	40346650	A	C	0.4453	0.0629	0.0113	2.601E-08  470866
6	151760382	T	C	0.2883	0.0743	0.0122	1.128E-09  470866
7	25864782	A	C	0.7409	0.0728	0.0125	5.746E-09  470866
6	19746551	T	G	0.7972	-0.0781	0.0138	1.519E-08  470866
7	25880011	A	G	0.7336	0.0746	0.0126	3.207E-09  470866
6	19758598	T	G	0.8627	-0.1040	0.0163	1.767E-10  470866
9	22152580	A	G	0.3811	0.0812	0.0116	2.56E-12  470866
12	95658282	A	G	0.5339	-0.0660	0.0111	2.749E-09  470866
1	22358457	T	C	0.2637	0.0904	0.0129	2.422E-12  470866
8	75317223	A	C	0.5220	0.0630	0.0111	1.381E-08  470866
9	22188039	A	G	0.3969	0.0635	0.0115	3.357E-08  470866
6	152040615	A	G	0.2554	0.0784	0.0128	9.068E-10  470866
10	90179192	T	C	0.5702	-0.0660	0.0112	3.796E-09  470866
11	30360225	A	G	0.1499	-0.1388	0.0162	1.054E-17  470866
1	22388872	T	C	0.2078	0.1381	0.0142	2.351E-22  470866
6	152649967	C	G	0.1674	0.1114	0.0151	1.613E-13  470866
6	151806124	A	G	0.6716	-0.0825	0.0120	6.199E-12  470866
6	19795585	C	G	0.6024	-0.0736	0.0115	1.554E-10  470866
2	11674295	A	C	0.4109	-0.0660	0.0114	7.061E-09  470866
7	46675201	T	G	0.4611	-0.0631	0.0110	9.673E-09  470866
9	22162794	A	C	0.5823	-0.0872	0.0113	1.193E-14  470866
9	22141790	A	G	0.6529	0.0721	0.0120	1.874E-09  470866
10	90210511	A	G	0.6185	-0.0641	0.0114	1.879E-08  470866
10	90206298	T	C	0.3858	0.0659	0.0114	7.439E-09  470866
2	11748585	A	C	0.3167	-0.0791	0.0121	6.269E-11  470866
6	152669117	A	G	0.1398	0.1053	0.0164	1.356E-10  470866
1	172175811	A	G	0.4778	0.0646	0.0112	8.029E-09  470866
6	151723559	A	G	0.7466	-0.0715	0.0130	3.798E-08  470866
2	11723858	A	G	0.3502	-0.1013	0.0118	9.104E-18  470866
6	152556526	T	C	0.1947	0.1172	0.0141	9.406E-17  470866
7	25869693	T	C	0.7407	0.0731	0.0125	4.975E-09  470866
6	19736405	C	G	0.2058	0.0766	0.0137	2.255E-08  470866
2	11686872	T	C	0.3708	-0.0647	0.0117	3.204E-08  470866
17	46277748	T	C	0.3872	-0.0669	0.0120	2.475E-08  470866
2	11687506	A	G	0.3709	-0.0647	0.0117	3.204E-08  470866
12	95711543	C	G	0.6951	-0.0679	0.0121	2.005E-08  470866
2	11655487	T	G	0.1452	0.1076	0.0160	1.756E-11  470866
1	22489567	T	C	0.2134	0.1295	0.0141	4.138E-20  470866
12	95706225	T	G	0.6951	-0.0670	0.0120	2.36E-08  470866
6	19732492	T	C	0.7964	-0.0781	0.0138	1.519E-08  470866
7	25890060	A	T	0.7304	0.0758	0.0126	1.789E-09  470866
6	19786950	T	C	0.4699	-0.0638	0.0112	1.223E-08  470866
9	22173407	T	C	0.5694	-0.0832	0.0113	1.8E-13  470866
1	172183719	A	G	0.5256	-0.0635	0.0113	1.915E-08  470866
2	113541819	A	T	0.6782	-0.0698	0.0121	7.994E-09  470866
4	55996845	T	C	0.2482	-0.0918	0.0132	3.537E-12  470866
8	75327897	A	G	0.3667	-0.0815	0.0116	2.127E-12  470866
11	30363545	T	C	0.8503	0.1399	0.0162	5.832E-18  470866
6	152435643	A	G	0.0370	-0.1774	0.0315	1.784E-08  470866
9	22172259	A	T	0.4314	0.0835	0.0113	1.475E-13  470866
2	113532885	T	G	0.6780	-0.0699	0.0121	7.611E-09  470866
10	90186123	T	C	0.3861	0.0660	0.0114	7.061E-09  470866
6	151829474	T	C	0.8841	-0.1408	0.0194	3.936E-13  470866
1	22403357	A	G	0.2079	0.1412	0.0142	2.688E-23  470866
6	152016803	T	C	0.4249	0.0656	0.0114	8.696E-09  470866
6	19728283	T	C	0.7952	-0.0787	0.0138	1.178E-08  470866
6	152031303	T	C	0.2556	0.0781	0.0128	1.05E-09  470866
1	172095365	T	C	0.4820	0.0629	0.0112	1.953E-08  470866
6	151714049	A	G	0.2531	0.0726	0.0131	2.991E-08  470866
1	22354045	T	C	0.0573	0.1518	0.0254	2.282E-09  470866
8	75294295	T	C	0.5815	0.0770	0.0113	9.482E-12  470866
6	151842860	A	T	0.8018	-0.1198	0.0142	3.266E-17  470866
6	152013223	T	G	0.4242	0.0645	0.0114	1.532E-08  470866
6	151838856	T	C	0.1335	0.0988	0.0164	1.697E-09  470866
11	30359892	A	G	0.8503	0.1397	0.0162	6.496E-18  470866
6	19798141	T	C	0.3961	0.0741	0.0114	8.032E-11  470866
8	75316993	T	C	0.5223	0.0639	0.0111	8.575E-09  470866
1	22450487	T	C	0.1933	0.1571	0.0147	1.17E-26  470866
2	113553165	T	G	0.6781	-0.0767	0.0120	1.641E-10  470866
8	75269548	A	G	0.5140	0.0621	0.0111	2.211E-08  470866
9	22184997	A	G	0.3917	0.0631	0.0115	4.089E-08  470866
7	23541591	T	C	0.8590	0.0884	0.0161	4.004E-08  470866
10	90208940	A	T	0.6181	-0.0641	0.0114	1.879E-08  470866
6	19762952	T	G	0.4320	0.0669	0.0113	3.212E-09  470866
12	95645385	A	G	0.5344	-0.0659	0.0111	2.904E-09  470866
7	23530051	A	G	0.1439	-0.0950	0.0166	1.047E-08  470866
6	152542234	T	G	0.3225	-0.0704	0.0121	5.949E-09  470866
12	54387947	A	G	0.4345	0.0629	0.0113	2.601E-08  470866
2	11683965	T	C	0.6331	0.0655	0.0117	2.165E-08  470866
8	75304152	T	C	0.4190	-0.0744	0.0113	4.577E-11  470866
6	19733694	A	G	0.7945	-0.0774	0.0137	1.608E-08  470866
1	172135653	T	C	0.5195	-0.0657	0.0112	4.462E-09  470866
6	151721834	T	G	0.2534	0.0717	0.0131	4.418E-08  470866
2	11716919	A	T	0.3537	-0.0883	0.0120	1.862E-13  470866
6	152012988	A	G	0.5758	-0.0643	0.0114	1.697E-08  470866
10	90201642	A	G	0.6177	-0.0652	0.0114	1.07E-08  470866
6	19750184	T	C	0.2046	0.0780	0.0138	1.584E-08  470866
2	11663338	A	T	0.4050	-0.0654	0.0115	1.293E-08  470866
6	151714706	T	C	0.2531	0.0726	0.0131	2.991E-08  470866
6	152653137	T	C	0.1674	0.1123	0.0151	1.029E-13  470866
11	30339461	A	G	0.8418	0.1474	0.0158	1.068E-20  470866
6	152538985	T	C	0.9167	0.1600	0.0215	9.928E-14  470866
9	22158924	T	C	0.4154	0.0870	0.0113	1.37E-14  470866
9	22161884	A	G	0.5381	0.0770	0.0114	1.434E-11  470866
6	152558197	A	G	0.1946	0.1172	0.0141	9.406E-17  470866
6	152027074	A	T	0.7338	-0.0780	0.0126	5.998E-10  470866
2	11734909	C	G	0.5233	0.0860	0.0112	1.609E-14  470866
2	11748406	T	C	0.5005	-0.0718	0.0112	1.448E-10  470866
1	172153163	A	G	0.5203	-0.0658	0.0111	3.068E-09  470866
4	55998086	A	C	0.7283	0.0928	0.0128	4.168E-13  470866
10	90187967	A	G	0.6140	-0.0681	0.0114	2.32E-09  470866
4	55992139	T	C	0.2475	-0.0907	0.0132	6.366E-12  470866
11	30381076	T	C	0.8328	0.1265	0.0152	8.622E-17  470866
2	11721535	T	G	0.6113	0.1019	0.0116	1.571E-18  470866
11	30327006	A	G	0.1490	-0.1411	0.0162	3.042E-18  470866
1	22349386	T	C	0.1949	0.1394	0.0149	8.304E-21  470866
7	23536186	T	C	0.8595	0.0892	0.0161	3.018E-08  470866
10	90214279	A	T	0.6187	-0.0641	0.0114	1.879E-08  470866
11	30342150	A	G	0.1580	-0.1473	0.0158	1.133E-20  470866
6	151739642	A	G	0.4134	0.0708	0.0114	5.281E-10  470866
10	90174153	T	C	0.5703	-0.0665	0.0112	2.894E-09  470866
2	11685694	A	C	0.3776	-0.0660	0.0117	1.69E-08  470866
6	19725973	T	C	0.8696	-0.0923	0.0168	3.928E-08  470866
6	152027955	T	C	0.7335	-0.0785	0.0126	4.66E-10  470866
6	152024415	A	G	0.6042	-0.0748	0.0115	7.803E-11  470866
2	11734880	A	G	0.5230	0.0856	0.0112	2.125E-14  470866
2	11742854	A	C	0.3013	-0.0857	0.0123	3.227E-12  470866
2	113540084	A	G	0.6787	-0.0700	0.0121	7.246E-09  470866
6	152008982	A	G	0.4251	0.0632	0.0114	2.959E-08  470866
11	30376314	A	T	0.1658	-0.1304	0.0154	2.506E-17  470866
6	152556258	T	C	0.8070	-0.1150	0.0142	5.56E-16  470866
2	11722468	A	G	0.2963	-0.0862	0.0123	2.415E-12  470866
6	151800761	T	G	0.3998	0.0788	0.0115	7.274E-12  470866
11	30317733	T	G	0.8422	0.1472	0.0158	1.203E-20  470866
10	21819824	A	G	0.3220	0.0679	0.0121	2.005E-08  470866
2	11734905	A	G	0.4766	-0.0860	0.0112	1.609E-14  470866
8	75340037	T	C	0.6702	0.0692	0.0119	6.059E-09  470866
10	90214072	A	G	0.3813	0.0641	0.0114	1.879E-08  470866
12	102811239	A	G	0.8136	0.0797	0.0143	2.498E-08  470866
2	11660615	T	C	0.1446	0.1140	0.0163	2.674E-12  470866
6	151722200	T	C	0.2532	0.0722	0.0131	3.559E-08  470866
8	75318259	A	G	0.4172	-0.0763	0.0113	1.456E-11  470866
10	21824727	A	G	0.3419	0.0670	0.0119	1.799E-08  470866
6	19753061	T	C	0.4384	0.0690	0.0113	1.02E-09  470866
11	30363101	A	G	0.1498	-0.1397	0.0162	6.496E-18  470866
2	11728080	A	G	0.3491	-0.1000	0.0118	2.359E-17  470866
6	151716860	T	C	0.7470	-0.0729	0.0131	2.623E-08  470866
1	22472506	A	G	0.2367	0.1093	0.0138	2.37E-15  470866
9	22159416	T	C	0.5517	0.0731	0.0114	1.434E-10  470866
9	22179701	A	G	0.3935	0.0649	0.0115	1.666E-08  470866
6	151715105	A	G	0.2536	0.0715	0.0131	4.815E-08  470866
9	22141875	T	C	0.6534	0.0726	0.0120	1.448E-09  470866
2	11684007	C	G	0.3682	-0.0645	0.0117	3.531E-08  470866
6	151781363	T	C	0.5909	-0.0717	0.0114	3.185E-10  470866
10	90152085	A	G	0.3860	0.0684	0.0115	2.717E-09  470866
2	11718591	T	C	0.6018	0.0958	0.0116	1.474E-16  470866
8	75293712	T	C	0.5163	0.0635	0.0111	1.061E-08  470866
1	22444975	T	C	0.2505	0.1000	0.0133	5.528E-14  470866
11	30316822	A	G	0.8421	0.1471	0.0158	1.277E-20  470866
2	11729606	A	G	0.6893	0.0952	0.0121	3.61E-15  470866
9	22155075	A	G	0.3485	0.0823	0.0117	2.004E-12  470866
6	19761718	A	G	0.8470	-0.0987	0.0158	4.189E-10  470866
11	30355197	T	C	0.1497	-0.1396	0.0162	6.856E-18  470866
6	19791284	T	C	0.4423	0.0726	0.0112	9.043E-11  470866
6	19790809	T	C	0.4423	0.0721	0.0112	1.215E-10  470866
10	90203479	A	T	0.3814	0.0644	0.0114	1.613E-08  470866
10	90152140	A	T	0.3862	0.0693	0.0114	1.21E-09  470866
12	95667337	T	C	0.4659	0.0662	0.0111	2.462E-09  470866
7	25862733	T	G	0.2590	-0.0725	0.0125	6.631E-09  470866
2	113552158	A	G	0.3219	0.0767	0.0120	1.641E-10  470866
6	19731384	T	C	0.8700	-0.0919	0.0168	4.494E-08  470866
10	90157930	T	C	0.5691	-0.0668	0.0113	3.39E-09  470866
17	46235745	A	C	0.3883	-0.0665	0.0120	2.996E-08  470866
11	30354895	A	G	0.8506	0.1397	0.0162	6.496E-18  470866
2	11728388	T	C	0.6502	0.0997	0.0117	1.577E-17  470866
6	151707885	C	G	0.2523	0.0718	0.0131	4.231E-08  470866
8	75322485	T	C	0.4680	-0.0632	0.0111	1.243E-08  470866
8	75257608	A	G	0.5768	0.0788	0.0114	4.769E-12  470866
6	151727545	T	C	0.3455	0.0672	0.0118	1.234E-08  470866
4	56005526	A	C	0.3142	-0.0895	0.0121	1.396E-13  470866
6	152543241	A	G	0.6210	0.0749	0.0117	1.536E-10  470866
7	23568817	A	T	0.8744	0.0975	0.0171	1.186E-08  470866
6	151840684	A	G	0.3569	0.0781	0.0118	3.625E-11  470866
6	151756070	A	G	0.5955	-0.0723	0.0114	2.266E-10  470866
2	11655184	A	G	0.8523	-0.1062	0.0159	2.402E-11  470866
6	19748716	A	G	0.2052	0.0764	0.0138	3.09E-08  470866
9	22160454	C	G	0.4177	-0.0707	0.0115	7.855E-10  470866
11	30296055	T	C	0.8512	0.1428	0.0162	1.199E-18  470866
8	75319519	A	G	0.4171	-0.0764	0.0113	1.37E-11  470866
12	54385599	T	C	0.4244	0.0627	0.0113	2.878E-08  470866
2	113547470	A	G	0.3218	0.0769	0.0120	1.471E-10  470866
8	75316563	A	G	0.5220	0.0634	0.0111	1.118E-08  470866
11	30226356	T	C	0.8599	0.1430	0.0167	1.101E-17  470866
2	11685731	T	C	0.3776	-0.0659	0.0117	1.776E-08  470866
6	151726829	T	C	0.2525	0.0713	0.0130	4.144E-08  470866
8	75266712	A	G	0.5809	0.0757	0.0113	2.097E-11  470866
9	22161212	T	C	0.4167	0.0860	0.0113	2.728E-14  470866
10	90168367	T	C	0.5703	-0.0667	0.0112	2.595E-09  470866
4	56008969	A	G	0.3143	-0.0898	0.0121	1.158E-13  470866
6	152661172	T	C	0.8529	-0.1118	0.0160	2.798E-12  470866
9	22144255	A	T	0.3338	0.0815	0.0118	4.958E-12  470866
8	75271434	A	G	0.4855	-0.0618	0.0111	2.583E-08  470866
2	11725241	A	G	0.3487	-0.1001	0.0117	1.173E-17  470866
9	22187434	T	C	0.6168	0.0676	0.0123	3.886E-08  470866
10	21907016	T	C	0.6912	-0.0668	0.0122	4.365E-08  470866
6	151754744	A	G	0.3992	0.0660	0.0114	7.061E-09  470866
1	22414785	T	G	0.2078	0.1398	0.0142	7.199E-23  470866
9	22161664	T	C	0.4157	0.0856	0.0113	3.585E-14  470866
7	25894232	A	G	0.2168	-0.0754	0.0136	2.954E-08  470866
2	11708833	C	G	0.6648	0.0846	0.0120	1.789E-12  470866
12	95712695	A	C	0.6949	-0.0684	0.0121	1.578E-08  470866
12	102815758	A	G	0.1863	-0.0792	0.0144	3.798E-08  470866
1	22422721	A	G	0.1977	0.1505	0.0145	3.08E-25  470866
6	19796878	A	C	0.5062	-0.0612	0.0112	4.648E-08  470866
10	90143657	T	C	0.3836	0.0693	0.0115	1.68E-09  470866
4	56024084	T	C	0.1776	-0.0871	0.0154	1.551E-08  470866
1	22492887	C	G	0.2260	0.1222	0.0138	8.363E-19  470866
6	151792026	T	C	0.8290	-0.0869	0.0148	4.316E-09  470866
6	151759630	T	C	0.7103	-0.0753	0.0122	6.738E-10  470866
6	151803754	A	C	0.3292	0.0831	0.0120	4.36E-12  470866
7	25889697	A	G	0.2169	-0.0745	0.0136	4.303E-08  470866
9	22162193	T	G	0.6531	-0.0812	0.0117	3.916E-12  470866
10	90208772	A	G	0.3860	0.0658	0.0114	7.837E-09  470866
2	113567532	T	C	0.3223	0.0746	0.0121	7.035E-10  470866
6	151786177	A	G	0.4092	0.0720	0.0114	2.688E-10  470866
6	152570274	A	G	0.9277	0.1646	0.0222	1.222E-13  470866
6	152034820	T	C	0.7444	-0.0776	0.0128	1.34E-09  470866
8	75297062	C	G	0.5207	0.0638	0.0111	9.044E-09  470866
11	30319433	A	G	0.1579	-0.1472	0.0158	1.203E-20  470866
11	30338842	A	G	0.8419	0.1474	0.0158	1.068E-20  470866
9	22157360	T	G	0.6499	-0.0815	0.0116	2.127E-12  470866
10	90218338	C	G	0.6157	-0.0655	0.0114	9.159E-09  470866
6	152571040	A	G	0.5727	0.0623	0.0114	4.631E-08  470866
1	22358595	A	G	0.1986	0.1376	0.0145	2.318E-21  470866
6	151716522	T	C	0.7470	-0.0727	0.0131	2.863E-08  470866
11	30371615	T	C	0.1497	-0.1402	0.0162	4.959E-18  470866
11	30395448	T	G	0.1003	-0.1341	0.0196	7.818E-12  470866
10	90151021	A	G	0.3693	0.0699	0.0116	1.682E-09  470866
2	113569920	A	T	0.6778	-0.0739	0.0121	1.012E-09  470866
1	22465820	T	C	0.8067	-0.1591	0.0148	5.926E-27  470866
6	151720669	T	G	0.7466	-0.0715	0.0131	4.815E-08  470866
7	46677797	A	G	0.5294	-0.0605	0.0109	2.849E-08  470866
6	19773553	T	C	0.5596	-0.0725	0.0113	1.4E-10  470866
9	22143293	A	T	0.3354	0.0824	0.0118	2.888E-12  470866
11	30252352	T	G	0.1512	-0.1374	0.0162	2.223E-17  470866
10	21827796	A	G	0.3388	0.0690	0.0120	8.924E-09  470866
6	151753470	C	G	0.4135	0.0721	0.0114	2.54E-10  470866
1	22396998	T	C	0.7923	-0.1395	0.0142	8.88E-23  470866
11	30342495	A	G	0.1581	-0.1473	0.0158	1.133E-20  470866
6	151806283	A	G	0.6708	-0.0831	0.0120	4.36E-12  470866
2	113534830	C	G	0.6780	-0.0697	0.0121	8.395E-09  470866
10	90150837	T	C	0.6302	-0.0704	0.0116	1.287E-09  470866
12	95696420	A	G	0.5339	-0.0663	0.0112	3.226E-09  470866
6	152540468	A	T	0.6771	0.0708	0.0121	4.879E-09  470866
6	19804897	A	G	0.5627	-0.0722	0.0114	2.399E-10  470866
12	95661809	T	C	0.5340	-0.0660	0.0111	2.749E-09  470866
4	55994210	T	C	0.6885	0.0884	0.0122	4.296E-13  470866
7	25864033	T	C	0.7409	0.0726	0.0125	6.322E-09  470866
2	11670305	A	T	0.4123	-0.0656	0.0114	8.696E-09  470866
10	21878407	T	C	0.3022	0.0676	0.0123	3.886E-08  470866
8	75259023	A	G	0.4788	-0.0620	0.0112	3.1E-08  470866
6	152441068	T	G	0.0295	-0.1992	0.0364	4.437E-08  470866
6	152010561	T	C	0.4252	0.0626	0.0114	3.991E-08  470866
2	11666339	T	G	0.4048	-0.0644	0.0115	2.144E-08  470866
4	56003502	A	G	0.2755	-0.0937	0.0126	1.034E-13  470866
2	11704836	T	G	0.5733	0.0853	0.0114	7.295E-14  470866
6	152592751	T	C	0.4361	0.0642	0.0114	1.786E-08  470866
7	23573319	C	G	0.8554	0.0911	0.0166	4.066E-08  470866
6	19799441	A	C	0.7905	-0.0795	0.0137	6.517E-09  470866
12	95668951	T	C	0.4659	0.0661	0.0111	2.601E-09  470866
6	151727593	A	T	0.7474	-0.0720	0.0131	3.881E-08  470866
10	90187924	A	G	0.6138	-0.0683	0.0114	2.083E-09  470866
7	46673782	A	G	0.5237	-0.0656	0.0109	1.762E-09  470866
1	22458794	A	G	0.7788	-0.1247	0.0140	5.236E-19  470866
12	95672642	T	C	0.5341	-0.0662	0.0111	2.462E-09  470866
7	23537697	A	G	0.1406	-0.0885	0.0161	3.865E-08  470866
7	25876805	T	G	0.7330	0.0752	0.0126	2.398E-09  470866
8	75305314	T	G	0.4177	-0.0764	0.0113	1.37E-11  470866
6	152629099	T	C	0.2181	0.1106	0.0137	6.86E-16  470866
1	22485677	A	G	0.5745	-0.0737	0.0114	1.014E-10  470866
7	46671419	A	C	0.4770	0.0616	0.0109	1.592E-08  470866
6	151718199	T	C	0.7469	-0.0717	0.0131	4.418E-08  470866
6	152627953	A	G	0.7816	-0.1101	0.0137	9.244E-16  470866
11	30319259	A	G	0.1579	-0.1470	0.0158	1.355E-20  470866
12	95627237	A	G	0.5345	-0.0647	0.0111	5.582E-09  470866
7	25861138	T	C	0.2652	-0.0739	0.0126	4.489E-09  470866
4	55997340	A	G	0.7283	0.0930	0.0126	1.572E-13  470866
6	152024985	T	C	0.6041	-0.0751	0.0115	6.558E-11  470866
14	93113547	T	C	0.7060	-0.0676	0.0122	3.008E-08  470866
6	152013760	T	G	0.4241	0.0648	0.0114	1.314E-08  470866
11	30305675	T	C	0.1488	-0.1416	0.0162	2.316E-18  470866
6	151782816	A	C	0.5908	-0.0718	0.0114	3.01E-10  470866
6	151799355	A	T	0.5985	-0.0795	0.0115	4.744E-12  470866
6	151821024	A	T	0.8871	-0.1447	0.0194	8.734E-14  470866
6	151726756	T	C	0.7478	-0.0719	0.0130	3.188E-08  470866
1	22473410	T	C	0.7578	-0.1055	0.0136	8.672E-15  470866
4	55994266	A	T	0.6895	0.0904	0.0128	1.635E-12  470866
7	25884044	A	T	0.2159	-0.0746	0.0135	3.278E-08  470866
12	102809630	C	G	0.1861	-0.0795	0.0144	3.374E-08  470866
8	75297342	A	G	0.4794	-0.0634	0.0111	1.118E-08  470866
11	30360794	T	C	0.1498	-0.1395	0.0162	7.236E-18  470866
15	40353416	T	C	0.5295	-0.0664	0.0113	4.2E-09  470866
10	90160392	T	C	0.5703	-0.0668	0.0113	3.39E-09  470866
6	151732017	T	C	0.4124	0.0703	0.0114	6.974E-10  470866
2	113567430	T	G	0.6782	-0.0748	0.0121	6.337E-10  470866
6	19733035	A	G	0.8700	-0.0921	0.0168	4.202E-08  470866
4	56000053	A	C	0.7241	0.0933	0.0126	1.314E-13  470866
10	90182764	T	C	0.3949	0.0688	0.0114	1.589E-09  470866
9	22144305	A	C	0.3065	0.0779	0.0122	1.711E-10  470866
12	95699929	T	G	0.3038	0.0674	0.0120	1.947E-08  470866
10	90210183	A	G	0.3816	0.0641	0.0114	1.879E-08  470866
6	19742526	A	G	0.7945	-0.0762	0.0137	2.666E-08  470866
2	113543577	A	G	0.3215	0.0773	0.0121	1.676E-10  470866
12	95643298	A	T	0.5346	-0.0658	0.0111	3.068E-09  470866
2	11686298	A	G	0.6216	0.0655	0.0117	2.165E-08  470866
1	22415410	A	T	0.7921	-0.1394	0.0142	9.523E-23  470866
9	22143377	T	C	0.6617	-0.0823	0.0118	3.068E-12  470866
1	172137119	T	G	0.5205	-0.0656	0.0111	3.423E-09  470866
4	56006102	A	C	0.2930	-0.0930	0.0131	1.254E-12  470866
7	46670548	A	G	0.5970	0.0716	0.0112	1.628E-10  470866
1	22439520	T	C	0.3294	0.0678	0.0120	1.604E-08  470866
4	56002776	A	G	0.7245	0.0938	0.0126	9.735E-14  470866
4	56007093	A	G	0.2912	-0.0873	0.0124	1.918E-12  470866
6	151844583	A	G	0.0633	0.1365	0.0246	2.877E-08  470866
6	151705334	T	G	0.2557	0.0752	0.0137	4.041E-08  470866
7	25860812	A	G	0.2589	-0.0726	0.0125	6.322E-09  470866
11	30309905	T	C	0.1489	-0.1417	0.0162	2.193E-18  470866
6	151794704	T	C	0.6970	-0.0953	0.0121	3.379E-15  470866
10	90187112	A	G	0.3862	0.0683	0.0114	2.083E-09  470866
9	22144316	T	C	0.5012	0.0683	0.0113	1.501E-09  470866
8	75291453	T	C	0.5992	0.0736	0.0114	1.074E-10  470866
1	22480219	T	C	0.6644	-0.0993	0.0128	8.641E-15  470866
2	113576726	C	G	0.6643	-0.0731	0.0121	1.529E-09  470866
4	55993915	T	C	0.3114	-0.0880	0.0122	5.469E-13  470866
6	152009638	A	G	0.5747	-0.0630	0.0113	2.472E-08  470866
11	30382899	T	C	0.1677	-0.1267	0.0152	7.715E-17  470866
6	151767907	A	G	0.5964	-0.0715	0.0114	3.566E-10  470866
7	25861419	C	G	0.7410	0.0728	0.0125	5.746E-09  470866
6	152554737	A	G	0.1929	0.1139	0.0142	1.048E-15  470866
11	30359231	A	G	0.8503	0.1396	0.0162	6.856E-18  470866
6	152554014	C	G	0.8405	-0.1504	0.0156	5.365E-22  470866
8	75267618	A	G	0.5208	0.0621	0.0111	2.211E-08  470866
7	25885411	T	C	0.2682	-0.0755	0.0126	2.072E-09  470866
6	151739810	T	G	0.4134	0.0708	0.0114	5.281E-10  470866
2	113535395	T	G	0.6780	-0.0699	0.0121	7.611E-09  470866
6	152567983	A	G	0.9268	0.1679	0.0221	3.024E-14  470866
11	30354857	T	C	0.8499	0.1395	0.0161	4.531E-18  470866
6	19727378	T	C	0.1300	0.0924	0.0168	3.798E-08  470866
7	46670743	A	G	0.5022	0.0640	0.0108	3.105E-09  470866
8	75294108	T	G	0.4185	-0.0770	0.0113	9.482E-12  470866
6	152455753	T	C	0.9621	0.1726	0.0313	3.5E-08  470866
6	152630180	A	G	0.2182	0.1110	0.0137	5.398E-16  470866
6	19773930	A	G	0.1531	0.0977	0.0158	6.268E-10  470866
9	22154009	T	C	0.4561	-0.0652	0.0115	1.432E-08  470866
8	75291115	A	G	0.4229	-0.0736	0.0113	7.353E-11  470866
1	172099136	T	C	0.5125	-0.0658	0.0112	4.228E-09  470866
11	30309869	T	C	0.1489	-0.1417	0.0162	2.193E-18  470866
12	95649013	A	G	0.4656	0.0660	0.0111	2.749E-09  470866
2	113551716	T	C	0.3219	0.0768	0.0120	1.554E-10  470866
4	55994314	T	G	0.6880	0.0884	0.0122	4.296E-13  470866
6	152034758	T	C	0.2554	0.0778	0.0129	1.629E-09  470866
2	113553668	A	G	0.6781	-0.0768	0.0120	1.554E-10  470866
11	30215261	A	T	0.1293	-0.1361	0.0173	3.631E-15  470866
6	151844650	A	G	0.0635	0.1368	0.0246	2.683E-08  470866
6	152545865	T	C	0.8058	-0.1201	0.0142	2.726E-17  470866
8	75266679	A	G	0.5142	0.0622	0.0111	2.099E-08  470866
4	55995061	T	C	0.2715	-0.0924	0.0128	5.247E-13  470866
6	151721616	C	G	0.2534	0.0715	0.0130	3.798E-08  470866
2	113536651	A	G	0.3219	0.0696	0.0121	8.816E-09  470866
7	25884102	T	G	0.2236	-0.0773	0.0137	1.678E-08  470866
4	55996712	T	C	0.2716	-0.0926	0.0128	4.677E-13  470866
6	19802104	A	C	0.3955	0.0748	0.0114	5.33E-11  470866
10	90155155	T	G	0.4280	0.0639	0.0113	1.56E-08  470866
6	151717655	A	G	0.2531	0.0722	0.0131	3.559E-08  470866
15	40342053	A	C	0.4710	0.0657	0.0112	4.462E-09  470866
6	151756612	A	G	0.6020	-0.0662	0.0114	6.36E-09  470866
11	30314858	A	C	0.1489	-0.1416	0.0162	2.316E-18  470866
1	22365689	T	C	0.1984	0.1394	0.0145	6.992E-22  470866
9	22153714	A	T	0.4502	-0.0647	0.0115	1.843E-08  470866
11	30354904	A	C	0.8503	0.1395	0.0162	7.236E-18  470866
6	19746253	A	T	0.2050	0.0771	0.0138	2.311E-08  470866
2	11724475	A	G	0.5159	0.0884	0.0112	2.953E-15  470866
6	152017958	C	G	0.5747	-0.0657	0.0114	8.255E-09  470866
2	113547809	T	C	0.3217	0.0768	0.0121	2.194E-10  470866
2	11733488	T	G	0.3513	-0.0980	0.0118	9.975E-17  470866
1	22361229	T	C	0.1994	0.1386	0.0145	1.193E-21  470866
7	25865464	T	C	0.2591	-0.0728	0.0125	5.746E-09  470866
10	90199209	T	C	0.3822	0.0656	0.0114	8.696E-09  470866
7	25876612	T	C	0.7333	0.0752	0.0126	2.398E-09  470866
1	22480241	T	C	0.6656	-0.1000	0.0128	5.606E-15  470866
4	56002972	C	G	0.7245	0.0937	0.0126	1.034E-13  470866
1	172112954	T	C	0.4657	-0.0629	0.0113	2.601E-08  470866
6	151721749	A	G	0.3454	0.0675	0.0118	1.063E-08  470866
6	151824449	A	G	0.1130	0.1457	0.0194	5.899E-14  470866
15	40378856	C	G	0.5905	-0.0707	0.0116	1.096E-09  470866
10	21859585	A	G	0.6930	-0.0681	0.0123	3.084E-08  470866
9	22166769	T	C	0.4116	-0.0676	0.0117	7.569E-09  470866
2	11748037	A	G	0.4447	0.0684	0.0112	1.014E-09  470866
4	55999781	T	C	0.7241	0.0932	0.0126	1.395E-13  470866
1	22371065	T	G	0.7986	-0.1396	0.0144	3.184E-22  470866
7	25863717	A	G	0.7333	0.0774	0.0133	5.901E-09  470866
2	11750101	A	G	0.4988	-0.0734	0.0113	8.272E-11  470866
2	11684484	A	G	0.4148	-0.0656	0.0115	1.168E-08  470866
6	152558552	T	C	0.1943	0.1177	0.0142	1.145E-16  470866
11	30343757	T	C	0.1581	-0.1473	0.0158	1.133E-20  470866
9	22164045	C	G	0.6566	-0.0830	0.0117	1.303E-12  470866
6	151743629	A	C	0.5867	-0.0714	0.0114	3.773E-10  470866
11	30355903	T	C	0.1497	-0.1397	0.0162	6.496E-18  470866
6	19737175	A	T	0.7962	-0.0772	0.0138	2.216E-08  470866
6	19733321	A	T	0.1301	0.0918	0.0168	4.648E-08  470866
7	23530800	A	G	0.8601	0.0880	0.0161	4.607E-08  470866
4	55999185	A	G	0.2524	-0.0918	0.0131	2.424E-12  470866
11	30353881	A	G	0.9272	0.1382	0.0230	1.87E-09  470866
6	152660082	A	G	0.1650	0.0945	0.0150	2.976E-10  470866
9	22165583	T	C	0.3445	0.0824	0.0117	1.885E-12  470866
6	19733538	T	C	0.7946	-0.0776	0.0137	1.477E-08  470866
8	75279647	T	C	0.5813	0.0749	0.0113	3.395E-11  470866
6	151702442	C	G	0.6516	-0.0717	0.0125	9.694E-09  470866
6	19748695	C	G	0.7914	-0.0764	0.0137	2.452E-08  470866
2	11735061	A	C	0.3475	-0.0980	0.0118	9.975E-17  470866
2	11744694	T	C	0.3053	-0.0834	0.0122	8.14E-12  470866
6	19728548	T	G	0.8700	-0.0925	0.0168	3.672E-08  470866
10	90174582	C	G	0.6065	-0.0663	0.0114	6.035E-09  470866
6	151732385	T	C	0.5884	-0.0717	0.0115	4.524E-10  470866
10	90175306	A	C	0.3866	0.0693	0.0114	1.21E-09  470866
4	55992025	A	G	0.2476	-0.0907	0.0133	9.133E-12  470866
4	55990954	C	G	0.2466	-0.0905	0.0133	1.014E-11  470866
6	152684585	T	C	0.8613	-0.0937	0.0166	1.656E-08  470866
9	22166461	A	T	0.6568	-0.0820	0.0117	2.408E-12  470866
2	11727087	T	G	0.2936	-0.0860	0.0123	2.712E-12  470866
9	22177527	T	G	0.3171	0.0736	0.0121	1.182E-09  470866
10	21834536	A	G	0.3382	0.0674	0.0120	1.947E-08  470866
8	75270494	A	G	0.5141	0.0621	0.0111	2.211E-08  470866
10	21876939	A	C	0.2959	0.0681	0.0124	3.976E-08  470866
8	75355842	A	C	0.3302	-0.0689	0.0120	9.375E-09  470866
6	152426433	T	G	0.0362	-0.1776	0.0318	2.338E-08  470866
4	56002267	A	T	0.2755	-0.0939	0.0126	9.167E-14  470866
6	152592115	C	G	0.9208	0.1623	0.0216	5.74E-14  470866
7	23523078	A	G	0.1269	-0.0943	0.0169	2.407E-08  470866
2	113563361	A	G	0.6780	-0.0754	0.0121	4.623E-10  470866
7	23576937	A	T	0.1263	-0.0937	0.0171	4.265E-08  470866
2	11656507	T	C	0.1477	0.1072	0.0159	1.561E-11  470866
8	75271974	A	G	0.5152	0.0611	0.0111	3.702E-08  470866
2	11659201	T	C	0.8526	-0.1081	0.0160	1.416E-11  470866
6	152441843	T	C	0.0375	-0.1772	0.0315	1.851E-08  470866
15	40347236	T	G	0.4709	0.0662	0.0112	3.406E-09  470866
7	23543610	A	C	0.1435	-0.0936	0.0166	1.715E-08  470866
2	11718858	T	C	0.4442	-0.0723	0.0114	2.266E-10  470866
2	11734315	T	C	0.5226	0.0864	0.0112	1.217E-14  470866
6	152658374	A	G	0.8520	-0.1154	0.0159	3.933E-13  470866
8	75298201	A	G	0.5205	0.0636	0.0111	1.006E-08  470866
2	11655684	T	G	0.1412	0.1120	0.0164	8.535E-12  470866
7	25883207	A	G	0.7757	0.0778	0.0137	1.356E-08  470866
2	11722575	A	G	0.5142	0.0880	0.0112	3.93E-15  470866
9	22159982	A	C	0.5858	0.0679	0.0116	4.815E-09  470866
8	75325250	T	C	0.5383	0.0643	0.0112	9.408E-09  470866
2	11712075	T	G	0.5546	0.0800	0.0114	2.258E-12  470866
11	30355857	T	C	0.1498	-0.1398	0.0162	6.155E-18  470866
6	152664539	T	C	0.1396	0.1065	0.0164	8.364E-11  470866
6	152683594	A	G	0.1527	0.0871	0.0159	4.302E-08  470866
6	152569166	T	C	0.5727	0.0625	0.0114	4.195E-08  470866
9	22141894	T	C	0.5077	0.0739	0.0112	4.161E-11  470866
9	22172893	T	C	0.6005	-0.0884	0.0114	8.877E-15  470866
7	25889721	T	C	0.2694	-0.0756	0.0126	1.973E-09  470866
9	22162560	A	G	0.5599	0.0729	0.0114	1.608E-10  470866
12	95710096	A	T	0.6950	-0.0680	0.0121	1.911E-08  470866
9	22141552	T	G	0.5069	0.0742	0.0112	3.472E-11  470866
6	19790560	T	C	0.4421	0.0725	0.0112	9.594E-11  470866
2	11723110	A	G	0.3503	-0.1014	0.0118	8.457E-18  470866
6	152540031	T	C	0.9170	0.1616	0.0214	4.306E-14  470866
6	152562271	C	G	0.8436	-0.1553	0.0165	4.862E-21  470866
1	22397199	T	C	0.6498	-0.0650	0.0119	4.703E-08  470866
6	152017691	T	G	0.5659	-0.0654	0.0114	9.646E-09  470866
2	11702661	A	C	0.4167	-0.0822	0.0114	5.574E-13  470866
2	11674034	A	G	0.8566	-0.1096	0.0168	6.854E-11  470866
6	19798358	T	C	0.4701	-0.0633	0.0113	2.122E-08  470866
7	46677370	A	G	0.5759	0.0637	0.0110	7.001E-09  470866
6	152564994	C	G	0.0734	-0.1681	0.0221	2.82E-14  470866
6	19743894	T	C	0.2030	0.0780	0.0138	1.584E-08  470866
9	22171484	T	G	0.5666	-0.0853	0.0113	4.397E-14  470866
1	172176973	T	C	0.5219	-0.0642	0.0112	9.917E-09  470866
10	90215629	T	C	0.3811	0.0641	0.0114	1.879E-08  470866
10	90166989	T	C	0.5703	-0.0665	0.0112	2.894E-09  470866
4	56019068	A	C	0.7083	0.0839	0.0124	1.323E-11  470866
10	90160023	A	G	0.3945	0.0702	0.0114	7.372E-10  470866
9	22152401	T	C	0.3191	0.0768	0.0120	1.554E-10  470866
11	30312187	A	G	0.8511	0.1417	0.0162	2.193E-18  470866
10	21878144	A	T	0.3019	0.0679	0.0123	3.384E-08  470866
2	11656310	A	G	0.8524	-0.1076	0.0159	1.312E-11  470866
10	90188027	C	G	0.3863	0.0682	0.0114	2.198E-09  470866
6	151717302	A	G	0.7469	-0.0723	0.0131	3.408E-08  470866
6	151728184	A	G	0.7470	-0.0721	0.0131	3.717E-08  470866
6	151826249	T	C	0.8060	-0.1202	0.0141	1.53E-17  470866
2	11734335	A	C	0.5191	0.0862	0.0112	1.399E-14  470866
2	11684852	T	C	0.6234	0.0669	0.0117	1.078E-08  470866
6	151759035	C	G	0.4048	0.0720	0.0114	2.688E-10  470866
8	75270901	T	C	0.4008	-0.0731	0.0115	2.064E-10  470866
6	19800972	A	G	0.3959	0.0744	0.0114	6.741E-11  470866
2	11722012	C	G	0.5277	0.0887	0.0112	2.382E-15  470866
3	143537540	T	C	0.9401	-0.1875	0.0330	1.333E-08  470866
8	75299270	C	G	0.5205	0.0635	0.0111	1.061E-08  470866
10	90216054	A	T	0.3811	0.0641	0.0114	1.879E-08  470866
6	151754273	T	C	0.5933	-0.0667	0.0115	6.631E-09  470866
1	22470407	T	C	0.1871	0.1577	0.0151	1.566E-25  470866
2	11658000	T	C	0.1451	0.1071	0.0161	2.888E-11  470866
11	30329175	A	G	0.8421	0.1468	0.0158	1.526E-20  470866
15	40347745	T	C	0.4705	0.0666	0.0113	3.774E-09  470866
11	30306439	T	C	0.1488	-0.1418	0.0162	2.076E-18  470866
4	56007425	T	C	0.3142	-0.0898	0.0121	1.158E-13  470866
6	151773504	T	C	0.5928	-0.0699	0.0114	8.701E-10  470866
6	152593101	T	C	0.0947	-0.1321	0.0202	6.168E-11  470866
1	22482629	T	G	0.2404	0.1196	0.0137	2.548E-18  470866
9	22166971	A	T	0.5882	0.0679	0.0117	6.498E-09  470866
8	75301253	T	G	0.5211	0.0627	0.0111	1.617E-08  470866
15	40340291	T	C	0.5286	-0.0662	0.0112	3.406E-09  470866
4	55997201	A	G	0.7518	0.0919	0.0132	3.352E-12  470866
6	19737117	A	G	0.7944	-0.0769	0.0137	1.987E-08  470866
6	19764095	A	G	0.4316	0.0676	0.0113	2.2E-09  470866
9	22148055	T	C	0.3422	0.0807	0.0117	5.295E-12  470866
2	11692236	T	C	0.6090	0.0648	0.0115	1.753E-08  470866
6	151830769	T	C	0.8047	-0.1181	0.0141	5.481E-17  470866
1	172159095	A	C	0.5244	-0.0655	0.0112	4.969E-09  470866
6	152567047	T	C	0.8658	0.1198	0.0167	7.302E-13  470866
12	95611185	T	C	0.5346	-0.0649	0.0111	5.01E-09  470866
10	90183038	A	G	0.5703	-0.0661	0.0112	3.596E-09  470866
7	23490733	C	G	0.8544	0.0903	0.0165	4.432E-08  470866
4	56010165	A	G	0.6857	0.0873	0.0121	5.398E-13  470866
10	90177034	A	T	0.5782	-0.0659	0.0112	4.006E-09  470866
1	172152202	A	G	0.4845	-0.0673	0.0112	1.868E-09  470866
7	25882839	A	G	0.7783	0.0771	0.0137	1.826E-08  470866
10	90182467	T	G	0.3949	0.0689	0.0114	1.505E-09  470866
1	22470451	C	G	0.1871	0.1576	0.0151	1.679E-25  470866
7	23509295	C	G	0.8728	0.0930	0.0169	3.735E-08  470866
6	19729381	T	C	0.8671	-0.0916	0.0166	3.427E-08  470866
1	22354538	A	C	0.1980	0.1371	0.0146	5.977E-21  470866
11	30308159	T	C	0.1489	-0.1419	0.0162	1.965E-18  470866
4	56004454	T	C	0.2522	-0.0924	0.0131	1.746E-12  470866
8	75301149	A	G	0.5822	0.0763	0.0113	1.456E-11  470866
1	22353136	A	G	0.1974	0.1371	0.0147	1.094E-20  470866
2	113537579	T	C	0.3215	0.0698	0.0121	7.994E-09  470866
6	152660451	A	G	0.1471	0.1122	0.0160	2.341E-12  470866
10	90223403	C	G	0.3801	0.0635	0.0114	2.545E-08  470866
15	40352278	A	G	0.4706	0.0664	0.0113	4.2E-09  470866
1	172149948	T	C	0.5228	-0.0662	0.0112	3.406E-09  470866
6	152042260	A	C	0.2567	0.0781	0.0128	1.05E-09  470866
6	152010534	T	C	0.5748	-0.0627	0.0114	3.798E-08  470866
2	11728089	T	C	0.3500	-0.0995	0.0117	1.827E-17  470866
6	151751908	C	G	0.5862	-0.0729	0.0114	1.608E-10  470866
9	22124504	A	T	0.5108	0.0633	0.0113	2.122E-08  470866
6	19728081	T	C	0.2048	0.0786	0.0137	9.624E-09  470866
6	151775259	A	C	0.4074	0.0701	0.0114	7.791E-10  470866
6	151728472	T	C	0.7475	-0.0729	0.0131	2.623E-08  470866
11	30344591	T	C	0.1581	-0.1473	0.0158	1.133E-20  470866
12	95688540	A	G	0.3048	0.0675	0.0120	1.855E-08  470866
11	30371313	T	C	0.1497	-0.1402	0.0162	4.959E-18  470866
8	75314911	A	G	0.5219	0.0638	0.0111	9.044E-09  470866
9	22169700	T	C	0.5985	-0.0880	0.0113	6.829E-15  470866
11	30372818	T	C	0.1495	-0.1388	0.0162	1.054E-17  470866
6	19798704	A	G	0.6039	-0.0744	0.0114	6.741E-11  470866
6	152680844	T	C	0.8484	-0.0875	0.0159	3.731E-08  470866
1	22348409	A	G	0.1945	0.1400	0.0150	1.026E-20  470866
9	22155090	A	G	0.5605	0.0735	0.0115	1.645E-10  470866
8	75315146	C	G	0.4172	-0.0763	0.0113	1.456E-11  470866
6	151795994	A	C	0.5948	-0.0786	0.0114	5.396E-12  470866
4	56022903	A	T	0.7058	0.0829	0.0124	2.302E-11  470866
6	152659814	A	C	0.8527	-0.1120	0.0160	2.56E-12  470866
1	22357229	A	T	0.7481	-0.0886	0.0133	2.708E-11  470866
6	152556600	A	G	0.1945	0.1173	0.0141	8.86E-17  470866
11	30307989	A	G	0.8421	0.1470	0.0158	1.355E-20  470866
6	152023191	A	G	0.3957	0.0752	0.0115	6.188E-11  470866
8	75304218	A	C	0.5801	0.0760	0.0113	1.748E-11  470866
4	56002689	A	T	0.7246	0.0940	0.0126	8.631E-14  470866
12	95711682	A	G	0.6931	-0.0713	0.0129	3.255E-08  470866
10	90185847	T	G	0.6134	-0.0681	0.0114	2.32E-09  470866
12	95698006	T	C	0.3036	0.0676	0.0120	1.768E-08  470866
1	172122809	C	G	0.5476	0.0661	0.0114	6.701E-09  470866
1	22378280	A	T	0.2076	0.1380	0.0142	2.519E-22  470866
2	11739368	T	G	0.3596	-0.0779	0.0118	4.065E-11  470866
2	113568847	C	G	0.3220	0.0737	0.0121	1.123E-09  470866
2	11727507	A	G	0.4821	-0.0862	0.0111	8.115E-15  470866
8	75299787	C	G	0.4177	-0.0760	0.0113	1.748E-11  470866
7	23484228	A	G	0.1284	-0.0935	0.0169	3.156E-08  470866
2	11742458	A	G	0.6406	0.0768	0.0118	7.592E-11  470866
12	95687497	A	T	0.5341	-0.0666	0.0112	2.741E-09  470866
6	19728835	C	G	0.2050	0.0784	0.0137	1.049E-08  470866
1	22468215	T	C	0.1930	0.1588	0.0148	7.381E-27  470866
6	152544484	T	C	0.5101	0.0633	0.0114	2.814E-08  470866
6	152553718	A	T	0.9175	0.1663	0.0210	2.393E-15  470866
6	151745522	T	C	0.2649	0.0758	0.0126	1.789E-09  470866
12	95610220	A	G	0.4655	0.0650	0.0111	4.746E-09  470866
2	113538779	A	G	0.6781	-0.0697	0.0121	8.395E-09  470866
1	172185029	T	G	0.5252	-0.0632	0.0113	2.233E-08  470866
6	152013748	T	C	0.4242	0.0654	0.0114	9.646E-09  470866
6	151726175	T	G	0.2527	0.0719	0.0130	3.188E-08  470866
11	30366528	A	T	0.1494	-0.1389	0.0168	1.364E-16  470866
8	75316530	A	G	0.4780	-0.0635	0.0111	1.061E-08  470866
6	151753421	C	G	0.5861	-0.0723	0.0114	2.266E-10  470866
7	25886125	A	G	0.2604	-0.0731	0.0125	4.975E-09  470866
9	22141269	T	C	0.3249	0.0816	0.0119	7.025E-12  470866
4	55995979	T	C	0.6886	0.0879	0.0122	5.808E-13  470866
10	90164478	A	C	0.5702	-0.0669	0.0112	2.326E-09  470866
2	113538782	A	G	0.6794	-0.0697	0.0121	8.395E-09  470866
9	22173075	A	T	0.3994	0.0886	0.0114	7.73E-15  470866
9	22124140	A	T	0.4964	0.0622	0.0113	3.704E-08  470866
7	25865380	A	G	0.2591	-0.0728	0.0125	5.746E-09  470866
6	151757327	T	C	0.5952	-0.0728	0.0114	1.703E-10  470866
6	19725384	A	G	0.8698	-0.0918	0.0168	4.648E-08  470866
10	90190949	T	C	0.3862	0.0681	0.0114	2.32E-09  470866
7	25864658	T	C	0.2591	-0.0728	0.0125	5.746E-09  470866
2	11654588	T	C	0.8519	-0.1059	0.0159	2.731E-11  470866
8	75266189	A	G	0.5208	0.0621	0.0111	2.211E-08  470866
11	30312239	T	C	0.1489	-0.1416	0.0162	2.316E-18  470866
11	30356420	T	C	0.8502	0.1395	0.0162	7.236E-18  470866
10	21907423	T	G	0.6988	-0.0674	0.0123	4.261E-08  470866
10	90173536	A	G	0.3931	0.0665	0.0114	5.433E-09  470866
4	55996903	A	G	0.2716	-0.0926	0.0128	4.677E-13  470866
7	25871933	T	C	0.2666	-0.0752	0.0126	2.398E-09  470866
2	11660000	A	C	0.1430	0.1133	0.0164	4.897E-12  470866
7	46675206	A	G	0.4407	-0.0622	0.0110	1.563E-08  470866
8	75300598	A	C	0.5815	0.0770	0.0113	9.482E-12  470866
15	40350131	T	C	0.5285	-0.0666	0.0113	3.774E-09  470866
8	75292492	T	C	0.4851	-0.0619	0.0111	2.453E-08  470866
8	75269564	T	C	0.5140	0.0622	0.0111	2.099E-08  470866
10	90175462	T	C	0.3934	0.0660	0.0114	7.061E-09  470866
15	40344885	A	G	0.4585	0.0641	0.0113	1.407E-08  470866
6	152016369	A	T	0.5748	-0.0657	0.0114	8.255E-09  470866
8	75347510	A	C	0.6699	0.0688	0.0119	7.403E-09  470866
1	22491843	A	G	0.7161	-0.1069	0.0126	2.173E-17  470866
6	151713337	T	C	0.2520	0.0725	0.0131	3.124E-08  470866
2	113551105	A	G	0.6781	-0.0767	0.0120	1.641E-10  470866
6	151841061	A	G	0.0634	0.1337	0.0245	4.839E-08  470866
11	30344725	T	C	0.1580	-0.1472	0.0158	1.203E-20  470866
1	22366102	T	C	0.7998	-0.1411	0.0145	2.223E-22  470866
7	25888015	T	C	0.7317	0.0748	0.0126	2.912E-09  470866
1	22485467	A	G	0.6403	-0.0839	0.0119	1.784E-12  470866
1	22462111	A	G	0.1936	0.1593	0.0148	5.118E-27  470866
1	22355978	A	G	0.2512	0.0880	0.0134	5.128E-11  470866
6	152540357	T	C	0.9176	0.1636	0.0215	2.756E-14  470866
2	11722102	A	T	0.5246	0.0879	0.0112	4.22E-15  470866
4	55997914	T	C	0.6888	0.0884	0.0122	4.296E-13  470866
6	151753395	A	G	0.5861	-0.0722	0.0114	2.399E-10  470866
6	151844443	A	T	0.1961	0.1182	0.0142	8.508E-17  470866
2	11710716	A	G	0.2937	-0.0856	0.0124	5.083E-12  470866
11	30226528	A	G	0.1402	-0.1427	0.0167	1.286E-17  470866
7	25868300	A	T	0.2662	-0.0748	0.0126	2.912E-09  470866
11	30375889	T	C	0.1658	-0.1303	0.0154	2.65E-17  470866
1	22436446	C	G	0.1992	0.1519	0.0145	1.115E-25  470866
2	11746003	A	G	0.4428	0.0677	0.0112	1.497E-09  470866
10	90204726	T	C	0.3816	0.0644	0.0114	1.613E-08  470866
1	22485871	T	G	0.5945	-0.0765	0.0113	1.289E-11  470866
6	151736084	T	G	0.4131	0.0707	0.0114	5.584E-10  470866
6	151755806	A	G	0.4046	0.0727	0.0114	1.804E-10  470866
1	22490724	A	C	0.2657	0.1105	0.0129	1.072E-17  470866
9	22164309	A	G	0.4317	0.0822	0.0112	2.147E-13  470866
10	90158608	T	C	0.5685	-0.0663	0.0113	4.431E-09  470866
6	152564752	A	G	0.0734	-0.1681	0.0221	2.82E-14  470866
1	22367073	T	G	0.7986	-0.1407	0.0144	1.502E-22  470866
6	151738131	A	G	0.5866	-0.0707	0.0114	5.584E-10  470866
12	102822862	T	C	0.1867	-0.0789	0.0143	3.439E-08  470866
10	90211164	T	C	0.6186	-0.0641	0.0114	1.879E-08  470866
2	11717429	A	G	0.2920	-0.0858	0.0129	2.908E-11  470866
6	152616173	A	G	0.2369	0.1009	0.0134	5.08E-14  470866
6	152038240	A	G	0.2555	0.0784	0.0128	9.068E-10  470866
7	25891809	A	G	0.2690	-0.0759	0.0126	1.704E-09  470866
6	152548027	T	G	0.9175	0.1652	0.0209	2.694E-15  470866
7	46673774	T	C	0.4030	-0.0723	0.0112	1.08E-10  470866
10	21908803	T	C	0.7023	-0.0681	0.0123	3.084E-08  470866
6	152572349	T	G	0.5729	0.0622	0.0114	4.866E-08  470866
10	21830104	A	G	0.6709	-0.0667	0.0121	3.54E-08  470866
8	75320003	A	G	0.5829	0.0763	0.0113	1.456E-11  470866
10	90211815	A	T	0.3855	0.0655	0.0114	9.159E-09  470866
1	22359839	T	C	0.7985	-0.1478	0.0152	2.39E-22  470866
10	21822856	A	G	0.6585	-0.0662	0.0120	3.455E-08  470866
12	95699240	T	C	0.5346	-0.0666	0.0112	2.741E-09  470866
6	152542962	T	C	0.6771	0.0706	0.0121	5.388E-09  470866
11	30374608	A	G	0.8342	0.1301	0.0154	2.962E-17  470866
7	46671622	T	G	0.4783	-0.0619	0.0109	1.356E-08  470866
6	151820799	C	G	0.6688	-0.0873	0.0126	4.251E-12  470866
4	56008477	A	G	0.6855	0.0901	0.0121	9.601E-14  470866
9	22158598	A	G	0.5538	0.0731	0.0114	1.434E-10  470866
12	95690444	A	G	0.6961	-0.0676	0.0120	1.768E-08  470866
9	22145739	A	T	0.6833	0.0731	0.0123	2.797E-09  470866
11	30395871	T	C	0.1660	-0.1308	0.0153	1.241E-17  470866
7	46676989	A	C	0.4705	0.0607	0.0109	2.565E-08  470866
2	113551694	A	G	0.6786	-0.0786	0.0126	4.429E-10  470866
10	21873295	T	G	0.3040	0.0688	0.0123	2.225E-08  470866
2	11723021	T	C	0.4835	-0.0879	0.0112	4.22E-15  470866
6	151781404	A	T	0.4141	0.0775	0.0119	7.386E-11  470866
4	55993468	T	C	0.7283	0.0920	0.0128	6.599E-13  470866
8	75261861	A	G	0.5810	0.0762	0.0114	2.322E-11  470866
4	56003707	C	G	0.7477	0.0922	0.0131	1.948E-12  470866
8	75352431	A	C	0.6698	0.0690	0.0120	8.924E-09  470866
11	30337523	T	C	0.1581	-0.1475	0.0158	1.006E-20  470866
6	151712598	T	G	0.7478	-0.0718	0.0131	4.231E-08  470866
2	11731846	T	C	0.5175	0.0874	0.0112	6.018E-15  470866
1	22378880	A	C	0.2069	0.1376	0.0142	3.321E-22  470866
1	22447316	A	G	0.7501	-0.0994	0.0133	7.798E-14  470866
10	90177991	T	C	0.3862	0.0676	0.0114	3.033E-09  470866
9	22173676	A	G	0.6867	-0.0814	0.0121	1.729E-11  470866
10	90156854	A	C	0.3929	0.0672	0.0114	3.753E-09  470866
6	19778171	A	C	0.4317	0.0679	0.0113	1.868E-09  470866
6	19706122	T	C	0.5138	-0.0618	0.0113	4.525E-08  470866
6	151761621	A	G	0.7112	-0.0730	0.0122	2.183E-09  470866
11	30360026	T	C	0.8502	0.1395	0.0162	7.236E-18  470866
4	56007249	A	G	0.7087	0.0873	0.0124	1.918E-12  470866
4	55994226	A	T	0.3114	-0.0879	0.0122	5.808E-13  470866
1	22480159	A	G	0.5820	-0.0705	0.0115	8.764E-10  470866
8	75295333	C	G	0.5205	0.0634	0.0111	1.118E-08  470866
7	25901639	A	G	0.7231	0.0684	0.0124	3.465E-08  470866
11	30370218	A	G	0.8502	0.1402	0.0162	4.959E-18  470866
6	152472631	A	G	0.9623	0.1715	0.0311	3.498E-08  470866
2	113534024	T	C	0.3207	0.0710	0.0128	2.908E-08  470866
10	90152369	A	G	0.3929	0.0672	0.0114	3.753E-09  470866
2	11724684	A	G	0.5173	0.0889	0.0112	2.063E-15  470866
6	19750222	A	T	0.2047	0.0782	0.0138	1.456E-08  470866
12	95631276	T	C	0.5345	-0.0649	0.0111	5.01E-09  470866
2	11658972	T	C	0.1421	0.1144	0.0164	3.045E-12  470866
11	30261968	A	G	0.9264	0.1417	0.0227	4.312E-10  470866
11	30306650	A	T	0.8511	0.1420	0.0162	1.861E-18  470866
1	172175115	T	C	0.5225	-0.0649	0.0112	6.847E-09  470866
9	22153360	A	G	0.4619	-0.0654	0.0115	1.293E-08  470866
6	19751668	A	G	0.2018	0.0825	0.0139	2.934E-09  470866
9	22142956	A	C	0.3176	-0.0740	0.0123	1.785E-09  470866
10	90156383	T	C	0.4296	0.0669	0.0113	3.212E-09  470866
2	113550688	T	C	0.6781	-0.0767	0.0120	1.641E-10  470866
7	25895685	T	C	0.7828	0.0758	0.0136	2.496E-08  470866
6	19761215	T	C	0.5596	-0.0722	0.0113	1.666E-10  470866
6	151774916	A	G	0.4073	0.0702	0.0114	7.372E-10  470866
2	11722082	T	C	0.4753	-0.0881	0.0112	3.66E-15  470866
15	40379260	A	C	0.3909	0.0683	0.0118	7.117E-09  470866
6	151829487	A	T	0.8841	-0.1411	0.0194	3.511E-13  470866
10	90203900	T	C	0.3814	0.0647	0.0114	1.383E-08  470866
9	22168128	T	C	0.3310	0.0857	0.0117	2.393E-13  470866
6	151822156	C	G	0.1130	0.1459	0.0194	5.452E-14  470866
8	75294975	T	G	0.5815	0.0774	0.0113	7.408E-12  470866
23	133691738	A	G	0.0366	0.1901	0.0339	2.051E-08  470866
23	133703924	T	C	0.6617	0.0683	0.0125	4.655E-08  470866
23	133701147	C	G	0.6605	0.0684	0.0125	4.45E-08  470866
